[11657619021
,11687540653
,11679537105
,11700010499
,11753731301
,11664624878
,11990711587
,11731975308
,11691620731
,11678427942
,12191738924
,12191019621
,12190522708
,11744575833
,11744886363
,11659266286
,11758200269
,12190737570
,11744261136
,11659068604
,10382086485
,10264414914
,10265839962
,10393836374
,10323042644
,10265772978
,10265826661
,10571151934
,10798722193
,1499313323
,10402839754
,10265124716
,1686183910
,1587171954
,10105181203
,1586911222
,13122195156
,10991697671
,10602802402
,12877393493
,13190976331
,13042862941
,10623936235
,10846970732
,10592181964
,13894982375
,1792049186
,13890305433
,1492378082
,1590417774
,13890127241]